1 0.31587403598971725 0.25882523148148145 0.02956298200514139 0.030960648148148147
1 0.502892030848329 0.22106481481481483 0.02442159383033419 0.04456018518518518
1 0.5669987146529563 0.26417824074074076 0.06394601542416452 0.0642361111111111
1 0.42287917737789205 0.6789641203703703 0.04691516709511568 0.04658564814814815
1 0.3169987146529563 0.6944444444444444 0.05687660668380463 0.028935185185185185
1 0.3626285347043702 0.7353877314814815 0.02474293059125964 0.035590277777777776
1 0.4019922879177378 0.7476851851851852 0.03920308483290488 0.024305555555555556
1 0.36134318766066836 0.7719907407407407 0.05173521850899743 0.03761574074074074
1 0.4008676092544987 0.7831307870370371 0.02217223650385604 0.04195601851851852
1 0.28502570694087404 0.8107638888888888 0.04691516709511568 0.03993055555555555
1 0.32696015424164526 0.8395543981481481 0.03695372750642673 0.030960648148148147
1 0.34045629820051415 0.8862847222222222 0.034383033419023136 0.03993055555555555