1 0.22702442159383032 0.3606770833333333 0.034383033419023136 0.030960648148148147
1 0.06089331619537275 0.44719328703703703 0.04209511568123393 0.048900462962962965
1 0.14588688946015424 0.6069155092592593 0.03920308483290488 0.05758101851851852
1 0.125 0.3917824074074074 0.04691516709511568 0.04456018518518518
1 0.36632390745501286 0.20775462962962962 0.056555269922879174 0.04861111111111111
1 0.45983290488431877 0.18446180555555555 0.061696658097686374 0.028645833333333332
1 0.5816195372750642 0.25983796296296297 0.02956298200514139 0.05092592592592592
1 0.5631426735218509 0.34519675925925924 0.06651670951156813 0.04456018518518518
1 0.4241645244215938 0.9450231481481481 0.03920308483290488 0.024305555555555556
1 0.3921915167095116 0.9105902777777778 0.06908740359897173 0.061921296296296294
1 0.48811053984575836 0.8817997685185185 0.03920308483290488 0.030960648148148147
1 0.5719794344473008 0.9084201388888888 0.05912596401028278 0.048900462962962965